1. 54.64151 25.28556 20
2. 54.64349 25.28488 20
3. 54.64568 25.28342 40
4. 54.64846 25.28265 100
5. 54.65308 25.27973 500
6. 54.65650 25.27895 700
7. 54.66111 25.27784 900
8. 54.66438 25.27647 1500
9. 54.66647 25.27707 3000
10. 54.66890 25.27973 4000
11. 54.67237 25.28419 5500
12. 54.67724 25.28840 6900
13. 54.68250 25.29887 7300
14. 54.68602 25.30548 7150
15. 54.68776 25.31063 6850
16. 54.69058 25.31638 6900
17. 54.69222 25.32032 7000
18. 54.69346 25.32565 7050
19. 54.69490 25.33028 7040
20. 54.69738 25.33801 7150
21. 54.69842 25.34676 7050
22. 54.70016 25.35380 6800
23. 54.70105 25.36118 7100
24. 54.70174 25.36427 7050
25. 54.70264 25.37895 7000
26. 54.70298 25.38581 7000
27. 54.70383 25.40015 7000
28. 54.70308 25.41337 7000
29. 54.70398 25.42787 7000
30. 54.70680 25.44178 7000
31. 54.70636 25.44967 7000
32. 54.70467 25.45577 7000
33. 54.70353 25.46023 7000
34. 54.70110 25.46684 7000
35. 54.69738 25.47456 7000
36. 54.69465 25.47937 7000
37. 54.69173 25.48563 7000
38. 54.69014 25.48795 7000
39. 54.68666 25.49130 7000
40. 54.68354 25.49567 7000
41. 54.68245 25.49851 7000
42. 54.68106 25.50100 7000
43. 54.67942 25.50289 7000
44. 54.67679 25.50563 7000
45. 54.67297 25.50924 7000
46. 54.67064 25.51241 7000